4806
339
343
316
342
309
367
321
470
413
298
315
311
295
333
349
325
326
343
279
261
287
446
376
285
375
302
309
384
355
289
270
288
353
294
313
473
313
285
271
278
275
297
293
304
256
338
304
520
426
291
270
319
300
266
293
264
277
302
313
297
301
293
307
301
270
265
283
266
289
308
262
313
296
303
264
277
279
284
282
332
275
257
439
542
300
476
598
340
261
279
268
458
266
299
261
257
286
275
309
272
261
260
279
306
326
302
415
381
285
283
287
502
386
304
273
284
284
365
271
267
277
268
298
313
344
276
315
282
291
380
427
341
354
271
283
517
485
336
287
297
286
295
303
311
292
297
319
297
277
272
311
280
351
285
290
451
377
275
271
292
252
289
264
281
282
290
273
284
283
442
370
274
263
286
286
266
319
287
291
253
281
252
287
282
288
256
287
275
284
288
265
264
294
346
290
265
279
275
313
263
286
267
305
250
253
332
300
291
257
294
291
301
309
279
270
283
274
272
277
273
276
266
288
262
275
256
273
309
271
272
263
285
252
266
265
377
315
348
330
262
276
280
250
266
261
270
261
288
272
259
292
264
249
257
255
255
236
264
274
274
267
259
262
271
317
269
367
262
271
284
269
355
274
266
275
275
295
283
272
269
251
262
292
269
835
444
359
268
650
346
313
279
285
322
289
254
266
286
287
255
270
257
267
247
269
271
266
246
261
253
260
279
286
271
278
266
249
268
264
265
297
272
297
262
259
256
271
291
272
338
299
277
284
266
271
265
268
255
270
260
246
265
293
279
264
257
295
246
247
252
328
271
287
268
292
286
268
253
276
251
263
270
256
271
282
266
262
284
339
362
292
280
268
262
279
278
255
246
261
316
265
272
267
288
264
263
285
261
279
282
265
277
271
313
516
336
264
277
244
259
289
260
260
266
278
258
283
520
442
328
284
280
255
251
255
281
264
277
258
260
248
257
275
279
269
268
277
249
268
245
265
292
261
264
278
396
266
285
264
276
251
254
284
251
265
292
251
268
270
266
290
257
256
286
262
252
281
264
332
257
274
370
274
252
281
295
259
293
269
267
251
284
260
260
266
253
267
259
250
337
343
270
239
237
281
269
275
347
520
311
288
293
260
272
263
341
275
257
253
281
275
252
269
250
273
254
268
266
292
374
279
269
267
258
395
380
288
356
248
267
270
295
251
375
374
371
344
310
414
268
248
250
257
269
257
278
276
254
313
273
267
246
266
243
263
271
260
276
259
247
257
270
354
270
265
265
278
252
289
332
249
268
257
319
271
249
273
244
252
244
273
265
251
277
303
262
285
293
257
277
248
334
275
279
370
263
295
338
295
258
260
296
290
278
279
291
393
286
351
299
260
260
299
265
288
277
289
416
277
274
296
293
289
260
291
343
269
272
266
281
297
240
274
259
291
260
279
323
294
271
273
320
277
261
270
282
317
293
289
292
281
276
294
307
287
263
276
294
263
279
259
324
280
281
244
262
261
255
264
252
260
257
249
264
267
279
268
295
263
242
297
285
287
305
271
267
266
259
271
266
279
268
260
263
263
266
278
268
309
261
262
274
303
261
385
316
282
324
274
268
259
278
307
269
259
295
269
275
292
308
1785
281
255
271
285
269
253
255
244
250
244
284
294
251
247
284
267
265
280
278
263
263
266
254
251
271
244
273
249
262
261
248
274
274
419
250
286
273
278
266
272
285
257
263
258
254
267
288
282
281
271
286
257
264
293
464
312
247
262
262
262
268
274
283
281
271
278
320
267
444
304
273
292
256
260
257
304
257
274
255
359
282
310
243
276
276
288
256
288
266
273
296
269
276
251
275
275
633
301
333
391
397
295
340
259
278
275
259
268
275
378
286
275
275
279
277
268
347
363
277
273
275
439
332
319
329
302
282
288
258
260
268
273
292
291
261
261
265
264
278
284
294
281
291
262
351
296
271
284
292
256
257
339
256
255
274
266
258
268
262
318
279
254
267
262
274
277
280
282
278
277
246
264
266
262
297
264
281
473
312
284
276
288
273
297
289
304
297
337
293
284
323
287
297
293
370
677
534
303
342
329
282
335
294
284
279
289
327
286
280
288
288
288
276
302
289
283
467
285
375
290
346
277
274
280
259
282
270
268
274
354
384
342
391
374
379
467
335
482
385
332
312
331
344
366
314
345
365
307
318
307
316
339
333
368
312
311
361
363
367
268
264
269
251
286
309
266
280
266
288
275
280
256
271
251
248
278
274
267
258
282
342
341
285
268
262
297
262
295
307
320
276
266
309
311
309
264
290
262
274
281
285
294
270
282
302
289
276
294
279
405
297
274
265
265
269
265
246
254
259
271
268
267
273
264
271
287
261
268
264
269
269
241
251
252
269
248
263
283
275
282
278
246
249
257
396
296
288
266
270
256
251
250
273
263
252
271
249
244
273
262
265
257
243
249
260
285
245
350
256
309
283
272
286
264
270
280
279
275
264
274
241
273
274
268
273
247
252
302
309
315
298
321
325
269
295
267
278
268
310
283
287
315
263
283
271
283
280
277
272
252
242
270
256
283
267
454
563
382
659
312
269
281
262
259
309
299
277
271
283
252
256
261
256
292
278
270
274
301
272
264
253
286
248
255
287
266
260
258
250
258
266
262
324
294
555
342
298
257
253
279
260
254
253
264
273
291
315
271
257
260
258
271
255
267
292
263
260
246
248
256
264
246
269
250
290
285
281
269
255
305
289
280
270
266
252
254
256
266
262
256
278
259
301
251
310
281
287
266
280
273
269
252
260
274
302
271
282
265
286
297
447
272
307
265
275
249
260
293
284
254
274
247
277
249
286
264
285
276
273
269
265
246
257
278
285
290
265
264
277
270
289
250
258
297
268
268
275
286
276
288
366
356
258
269
280
260
276
240
341
408
327
364
290
287
285
283
278
288
247
255
248
284
378
393
290
269
257
254
272
261
281
277
268
259
253
332
258
265
281
348
282
277
244
275
270
270
280
277
283
260
252
252
263
360
289
274
264
274
277
265
265
273
263
270
265
260
253
256
289
255
258
277
302
252
247
256
256
252
244
260
283
276
263
273
260
269
260
266
243
243
277
308
281
309
292
271
268
271
315
272
275
258
295
257
270
269
258
250
262
272
254
271
247
271
304
264
263
283
291
257
245
344
259
253
275
283
277
275
322
276
258
267
263
252
259
252
244
276
446
276
277
319
291
259
255
256
462
272
402
278
251
282
268
269
262
261
302
311
310
322
286
301
336
290
284
281
288
260
283
262
311
261
295
276
272
252
278
250
282
289
256
274
255
257
282
355
305
282
295
277
266
284
251
263
251
265
285
287
271
317
270
264
268
256
289
266
270
251
251
273
273
251
249
277
263
299
269
260
274
278
266
311
272
271
287
271
267
278
257
291
265
269
270
263
253
284
316
263
270
266
266
266
254
272
290
306
259
254
278
269
268
242
269
270
290
286
262
255
263
268
264
266
267
275
253
260
254
277
264
274
272
270
267
263
299
286
283
280
341
591
317
266
279
266
262
278
272
287
279
255
279
425
537
382
295
256
252
269
270
265
363
273
320
260
264
291
266
276
286
270
269
257
266
268
266
318
266
276
268
263
255
271
272
283
271
257
263
263
246
262
316
289
328
271
276
328
286
271
279
276
259
290
279
287
307
299
289
259
278
271
271
283
280
278
258
299
271
261
292
9043
368
427
277
297
268
258
272
267
271
269
315
260
268
270
267
260
254
273
271
249
257
263
265
257
287
260
263
270
244
285
268
259
270
290
285
258
266
263
268
273
312
303
267
262
264
268
253
257
259
262
258
271
252
268
278
274
296
266
277
271
261
266
266
294
277
256
255
271
271
272
347
280
271
283
279
273
287
295
295
262
302
275
276
272
275
263
332
288
268
324
397
352
289
279
287
289
265
336
281
274
262
277
263
279
278
265
278
275
264
269
261
270
463
280
357
299
276
347
279
255
276
260
282
269
272
268
308
287
282
273
275
257
281
264
295
283
278
268
273
275
273
317
298
261
327
272
282
276
257
270
270
264
273
260
254
462
289
283
274
282
275
258
258
322
290
261
254
264
265
256
286
286
269
269
258
284
265
299
289
259
278
268
295
264
259
317
261
263
278
272
267
265
278
262
255
276
269
252
280
285
320
265
263
279
288
374
274
296
275
286
265
282
295
281
253
270
265
261
267
250
267
258
285
274
268
258
269
277
264
267
271
251
272
270
271
268
401
282
268
264
268
285
325
286
273
257
267
261
253
250
259
276
278
277
269
249
244
255
270
268
302
256
265
266
263
266
268
283
256
244
260
270
314
352
538
334
278
263
270
276
281
279
261
272
264
263
257
273
278
267
305
267
272
274
261
272
248
256
261
454
289
277
271
262
269
267
270
253
272
266
326
272
266
273
260
272
288
274
277
269
267
267
255
260
266
270
252
267
278
311
267
258
298
284
281
282
272
273
269
278
283
295
303
263
275
285
297
268
388
464
299
266
294
280
279
283
306
281
268
290
278
275
284
274
266
300
307
276
272
270
250
291
273
310
292
266
265
262
273
249
277
275
261
274
274
363
275
269
273
288
254
261
282
277
287
269
276
259
263
272
299
278
274
267
262
279
276
280
292
258
282
263
274
274
275
273
293
294
274
287
273
257
284
271
254
283
261
260
253
276
253
272
282
283
281
277
272
286
277
264
275
264
282
292
301
269
280
315
286
310
274
270
256
278
341
263
265
263
309
281
296
279
288
279
273
261
274
272
273
288
277
292
272
326
275
283
297
285
253
244
277
267
393
417
259
253
263
245
263
266
311
272
271
275
270
265
247
247
300
278
273
274
272
280
304
318
258
257
241
249
267
255
274
271
370
273
268
274
251
291
314
267
267
291
264
268
267
308
270
255
256
274
298
258
273
292
263
266
285
273
249
269
278
262
286
261
285
271
254
269
334
505
309
531
436
304
277
286
284
271
281
268
292
275
261
288
258
273
270
317
271
257
271
246
275
287
265
262
262
251
269
261
276
269
353
270
261
293
282
277
285
270
285
301
267
259
279
278
262
405
276
270
273
267
267
272
243
263
262
269
274
287
275
278
277
273
248
272
262
286
264
321
273
264
256
262
273
288
265
280
258
258
288
282
271
277
266
267
271
268
283
268
281
267
285
272
265
261
257
305
297
281
273
255
260
276
277
265
283
266
272
246
263
270
262
276
265
268
253
269
272
291
278
331
274
260
281
272
255
262
268
263
267
279
270
280
274
265
289
292
280
261
258
272
261
268
274
271
268
278
278
470
295
267
370
335
288
299
322
345
290
276
279
278
261
268
281
279
271
274
271
250
278
298
278
289
284
292
264
280
267
295
270
277
248
269
272
270
257
285
282
246
280
247
297
286
275
262
266
261
264
267
276
260
253
275
373
412
289
282
301
268
272
264
269
258
245
367
611
417
282
269
267
303
332
285
244
284
252
267
253
268
293
276
279
256
282
277
283
272
278
294
267
281
275
386
285
282
247
288
311
279
295
284
273
277
265
252
282
274
270
281
266
282
255
264
272
469
337
528
274
261
268
278
269
269
275
273
279
275
273
270
279
267
259
260
268
310
265
261
280
275
256
260
257
408
287
257
284
265
269
261
274
276
261
294
249
315
271
297
278
274
273
2353
282
287
276
282
268
254
347
281
292
276
250
278
273
306
260
249
352
274
292
257
287
268
272
264
272
281
275
266
282
283
298
263
274
278
273
361
402
434
417
446
415
524
374
332
434
466
663
376
316
274
280
277
279
264
257
271
307
300
298
385
328
285
305
427
499
356
348
366
291
287
268
285
275
278
291
300
288
271
276
282
247
284
262
272
266
293
265
297
283
311
288
285
279
266
271
281
266
260
284
262
271
264
262
266
286
294
271
263
246
295
339
548
318
299
271
246
277
288
296
276
273
266
287
263
272
280
281
268
263
252
262
273
273
277
271
248
272
283
480
282
438
307
278
269
282
260
257
283
274
264
257
253
277
280
279
257
261
261
269
294
269
284
289
279
284
258
264
281
613
324
292
275
309
264
312
534
320
293
266
264
259
261
286
261
250
286
274
273
294
309
280
307
289
276
267
322
280
280
267
274
313
275
313
275
266
258
260
266
244
266
272
272
261
275
276
270
261
266
279
273
272
278
278
337
344
372
292
290
263
274
292
361
266
252
269
275
244
265
272
324
271
281
345
346
357
428
301
276
267
264
322
284
272
258
273
254
270
271
256
319
274
273
264
285
275
271
258
258
265
270
269
289
314
276
284
283
285
275
263
294
385
336
282
282
277
268
276
262
290
284
276
274
279
302
999
295
309
287
272
259
331
264
274
272
273
292
473
758
309
289
271
264
284
289
288
285
270
278
285
273
278
268
276
265
270
271
276
263
268
280
261
284
269
261
289
284
276
277
276
267
287
266
296
269
312
356
342
361
290
343
258
274
287
265
262
254
287
269
321
278
268
278
276
254
296
269
262
255
315
348
376
337
275
271
250
265
351
254
319
322
308
266
283
262
287
279
326
281
272
263
264
267
275
272
261
262
307
295
271
288
265
295
261
326
272
244
253
275
255
271
261
265
263
263
278
375
414
480
506
770
494
398
332
316
422
561
447
315
296
293
371
367
351
303
337
346
432
286
281
289
275
256
268
267
288
266
286
291
288
291
288
267
276
288
264
266
295
262
279
271
283
262
277
291
275
262
288
265
291
258
272
292
271
271
276
283
274
304
276
277
272
296
278
265
269
299
268
263
298
282
261
271
311
281
277
275
276
268
302
387
595
756
319
298
279
287
265
282
277
267
310
269
286
271
327
667
549
306
274
281
267
268
277
274
257
273
264
274
263
266
388
270
241
259
246
260
262
260
299
329
295
265
276
270
334
438
423
443
302
283
331
292
340
291
288
281
283
278
285
273
251
273
262
258
272
258
274
264
272
267
252
336
400
274
268
276
284
260
279
336
278
266
281
274
270
264
251
277
264
272
268
280
272
271
316
295
271
247
284
269
353
307
265
282
263
279
291
286
265
262
275
265
265
266
264
252
329
256
265
256
242
274
281
275
278
277
261
270
275
289
258
303
292
273
272
261
271
264
278
262
265
284
263
281
257
261
280
261
264
279
268
267
269
252
284
267
267
254
263
277
259
285
257
266
289
264
262
246
271
285
272
269
284
266
272
290
288
274
273
267
249
252
267
265
333
290
252
258
270
267
272
353
292
277
265
268
251
258
254
263
279
280
282
263
264
284
293
281
264
277
258
275
291
257
273
240
268
305
270
367
331
321
297
297
319
312
281
519
301
302
263
252
254
277
250
254
243
264
275
283
280
296
269
283
259
362
252
515
312
317
288
296
284
306
369
348
288
266
262
252
276
280
257
257
277
295
268
251
266
282
265
273
264
267
277
307
279
262
275
259
292
269
274
287
288
284
287
272
288
290
359
294
284
284
291
269
295
279
292
302
274
264
273
345
275
281
273
286
268
265
276
271
309
295
245
271
318
268
281
265
263
285
248
331
287
243
291
290
294
285
264
265
271
296
267
263
239
279
274
272
270
311
272
264
271
265
272
286
265
275
269
284
248
271
277
269
265
266
258
289
289
284
327
404
296
267
287
297
268
276
308
276
295
297
273
292
263
283
296
265
276
268
256
268
276
271
273
275
273
284
263
293
284
263
271
281
264
269
293
263
287
260
259
272
270
274
293
356
265
278
305
270
258
266
271
269
266
252
289
281
399
296
269
277
261
256
273
272
248
253
273
268
268
249
259
266
330
272
267
267
388
356
298
291
288
279
281
293
292
372
257
248
259
268
263
319
255
279
264
269
262
266
265
244
267
250
264
292
270
256
279
295
279
298
278
267
282
352
345
297
273
279
282
272
283
277
302
285
276
275
265
263
264
291
271
274
287
283
270
288
340
293
277
277
283
279
315
311
263
249
273
275
254
340
263
286
291
290
275
250
258
271
318
272
289
256
252
277
259
298
270
281
260
269
269
274
262
280
264
260
273
279
287
266
314
282
280
261
270
248
268
267
285
256
282
268
264
278
266
306
271
269
256
265
296
428
324
260
348
264
291
275
287
309
265
268
282
286
252
244
258
283
246
249
274
262
256
284
285
276
261
290
259
554
468
375
330
293
290
279
281
317
272
277
287
274
274
278
279
285
286
248
280
300
394
336
372
341
370
314
284
325
290
264
289
268
294
280
268
275
263
264
320
586
283
285
310
535
359
273
284
289
265
288
292
294
268
258
264
290
272
264
252
259
249
282
283
293
263
259
265
283
266
294
258
267
257
282
275
263
273
318
281
286
246
255
258
262
277
290
273
273
270
276
295
290
267
276
273
274
265
252
272
264
279
270
267
297
293
284
437
307
276
241
259
274
330
269
276
259
266
280
265
279
259
255
284
272
280
280
249
310
278
256
253
266
279
270
263
339
276
291
265
260
271
263
252
266
283
261
254
254
262
291
272
263
243
272
265
261
280
295
276
278
251
267
264
260
280
390
310
281
267
296
267
268
288
265
267
267
269
265
295
274
278
272
280
329
361
484
376
356
310
289
309
289
274
258
310
276
276
274
276
278
275
267
271
279
269
287
279
272
268
267
262
391
287
395
250
269
267
253
259
318
297
265
278
261
285
272
263
356
261
273
290
266
268
257
269
284
278
256
243
266
311
257
270
251
277
274
261
480
580
283
285
264
276
276
287
263
254
293
273
247
264
273
309
260
256
272
275
266
261
258
256
261
272
263
271
262
275
523
339
288
283
270
269
271
271
272
297
294
290
276
329
303
269
331
257
269
295
277
288
269
281
284
259
281
380
292
291
271
259
294
276
263
361
257
282
252
257
257
272
343
282
262
253
264
340
301
268
266
244
282
316
271
340
293
309
272
274
261
258
258
251
266
280
292
287
284
261
307
264
318
263
266
294
282
265
280
292
250
285
290
277
255
325
386
297
278
275
268
261
281
276
295
248
264
270
294
288
276
276
282
283
274
267
287
270
298
276
276
277
265
289
278
298
296
264
281
269
280
268
261
273
291
325
282
303
258
257
320
285
301
285
290
288
284
315
292
272
264
283
303
282
312
267
254
263
253
266
276
276
294
285
257
273
264
261
281
287
279
254
283
291
255
300
265
286
274
263
275
819
319
304
269
277
269
289
315
295
305
290
262
257
263
281
264
277
253
263
265
261
276
263
255
270
250
239
252
303
282
276
283
285
280
282
289
282
294
295
261
281
271
272
284
289
255
263
257
300
289
283
283
284
347
286
271
282
261
280
264
249
288
261
283
283
292
264
280
291
294
292
271
261
267
276
291
282
260
284
279
277
285
271
291
297
301
270
372
324
321
322
344
284
265
270
300
277
296
285
286
287
284
288
277
284
268
291
259
271
268
307
297
293
321
268
296
359
282
273
267
275
289
277
261
268
278
271
250
268
282
273
272
261
261
276
249
267
267
248
332
269
261
351
285
287
265
254
273
281
259
245
247
278
263
301
271
257
273
268
267
268
297
263
246
253
269
263
269
249
271
257
269
301
268
274
258
268
285
283
271
265
273
274
281
303
275
251
277
256
289
279
260
271
253
281
254
254
271
253
281
277
261
263
318
307
278
268
274
236
269
250
240
261
271
279
240
272
275
244
234
274
291
271
255
263
272
268
249
336
2620
325
312
267
290
262
266
266
239
259
275
262
257
260
268
263
252
328
276
276
256
270
528
557
282
274
286
272
258
270
279
260
262
469
376
281
268
296
290
280
279
270
266
276
267
269
248
256
255
261
270
247
278
265
291
327
265
270
274
301
253
265
279
256
250
285
269
275
275
276
272
266
248
260
293
285
267
260
267
287
288
278
256
273
258
275
244
272
246
293
267
257
271
252
258
275
248
248
275
268
275
245
301
335
299
250
252
249
257
264
279
291
259
242
260
292
298
274
307
283
268
264
258
261
267
260
293
275
265
283
281
277
261
267
262
289
268
274
248
257
254
259
257
332
303
271
263
267
285
300
271
300
289
277
271
282
318
286
276
278
258
258
288
300
268
269
279
272
265
257
285
265
294
274
285
282
293
284
287
262
285
291
285
266
279
298
366
267
273
283
258
267
303
276
292
273
281
275
270
361
349
320
318
275
275
274
278
291
281
265
261
282
269
355
658
339
288
267
266
277
273
268
272
280
265
285
340
267
245
272
264
282
249
297
285
251
281
274
273
267
253
282
248
282
282
261
264
254
290
267
256
293
250
253
288
431
288
289
264
266
264
277
263
281
274
268
272
268
271
267
272
256
265
263
274
266
264
261
280
270
268
281
262
267
268
346
307
293
255
291
286
282
338
255
274
268
264
276
268
265
287
320
282
309
315
398
287
297
249
269
252
277
296
373
290
282
277
292
278
274
294
270
279
259
285
271
274
272
305
284
280
274
261
281
295
271
266
270
280
266
271
328
358
267
301
278
295
281
306
255
273
267
263
277
287
265
282
261
243
277
266
261
274
309
276
249
257
288
279
274
264
278
321
265
260
255
261
274
252
264
252
272
250
256
261
270
313
285
290
266
280
318
303
321
338
321
327
288
275
316
265
295
287
310
286
286
266
288
272
304
289
299
294
289
287
272
271
279
262
527
537
295
310
298
267
288
290
277
276
264
279
286
268
283
277
276
285
259
290
274
295
266
255
286
251
253
285
349
287
282
273
311
296
300
288
300
298
286
290
281
274
273
303
288
272
266
373
282
280
291
271
299
278
272
314
254
301
288
264
277
284
289
279
291
254
287
273
278
268
274
257
267
276
264
253
296
275
284
360
291
273
285
290
274
258
283
284
261
260
287
254
307
295
280
269
260
267
253
296
285
269
277
265
258
274
267
271
285
291
274
273
280
278
271
258
288
264
268
267
272
305
255
292
262
262
287
283
275
277
273
253
274
275
265
283
253
251
285
278
280
290
272
274
292
353
277
261
272
271
248
316
291
252
266
276
268
249
294
307
285
264
288
266
251
266
257
253
264
272
253
280
276
275
267
285
259
267
263
285
255
328
302
277
264
289
288
269
275
283
290
291
285
275
274
283
287
273
297
286
277
264
273
266
274
272
291
287
259
257
291
304
262
259
276
287
275
267
288
280
273
258
272
274
268
275
273
290
273
278
281
289
273
272
279
273
259
272
293
287
315
253
380
399
301
270
272
273
312
268
298
247
245
275
276
257
270
244
249
272
269
252
275
277
253
282
251
268
305
334
255
247
271
279
269
272
269
402
306
357
252
271
266
320
280
259
269
267
256
254
313
268
260
273
245
256
244
302
345
275
256
264
281
246
268
265
313
261
265
263
275
286
264
280
264
259
258
256
245
261
235
249
268
256
293
259
257
282
299
274
279
277
268
266
285
281
314
291
287
259
266
281
284
286
276
277
262
268
263
267
256
260
277
253
260
283
277
483
346
299
297
314
289
295
290
270
262
272
249
258
244
246
261
287
280
280
263
345
258
277
284
262
302
260
308
265
288
284
269
299
268
251
267
260
293
272
279
278
278
261
278
298
265
281
285
271
264
286
324
272
286
284
274
272
287
258
282
266
280
264
284
253
262
282
286
266
268
254
277
262
261
278
261
381
420
285
271
306
270
298
288
627
370
282
293
274
271
277
270
308
285
278
276
290
270
284
280
309
271
275
280
279
292
297
288
286
287
261
291
305
282
295
259
268
252
280
255
304
331
282
285
268
269
271
275
269
284
268
269
274
278
274
280
297
257
259
278
255
315
274
281
287
289
278
287
293
278
291
281
275
266
276
281
277
310
274
272
275
266
265
251
271
311
288
267
271
265
300
274
248
414
285
266
261
251
263
261
295
257
288
282
271
268
249
257
280
270
262
267
263
258
340
262
256
260
255
255
352
272
270
290
254
284
266
241
265
253
279
254
250
267
271
267
255
270
267
272
275
260
297
292
279
253
268
268
283
274
311
284
296
275
267
262
282
263
271
270
272
285
252
263
289
281
249
243
281
293
280
276
287
263
264
277
272
261
283
268
314
267
307
272
268
266
272
269
279
279
284
282
275
273
298
273
269
301
281
289
260
258
277
254
414
718
304
337
311
288
305
287
334
336
310
291
322
295
267
278
275
290
311
273
250
273
266
285
275
245
268
273
270
282
272
318
369
297
275
289
279
283
280
285
309
295
267
334
286
268
280
253
258
245
255
283
276
255
267
373
290
261
262
255
290
406
338
290
268
280
262
255
279
297
295
276
277
277
269
287
369
288
277
302
262
264
298
296
282
286
285
281
305
302
303
285
266
293
283
273
328
303
336
295
262
277
283
271
292
291
275
266
288
281
283
287
276
285
264
271
315
278
277
277
268
261
266
245
274
298
333
256
273
263
260
247
255
296
280
255
254
298
271
255
252
258
282
264
261
256
337
266
250
291
247
269
262
253
270
266
400
274
255
265
248
254
268
263
264
272
258
252
252
244
283
374
264
258
263
264
352
296
263
261
271
299
279
261
266
271
278
285
273
257
277
270
268
253
266
253
267
272
271
260
255
268
280
268
270
343
358
416
445
364
268
258
385
305
294
285
250
307
278
297
567
618
304
323
573
386
333
622
444
302
290
339
288
271
271
294
282
290
283
271
279
273
277
345
305
283
260
277
251
278
266
299
279
278
271
269
294
299
268
287
301
269
283
280
285
319
289
265
289
267
263
280
324
276
259
275
286
286
296
274
287
276
275
273
319
298
261
271
276
272
265
264
261
258
256
267
258
279
273
273
252
282
278
268
256
247
269
275
266
327
302
243
266
248
359
293
335
316
279
270
268
255
256
246
352
279
274
271
281
262
270
431
303
264
298
286
286
276
308
300
290
268
280
312
303
267
253
260
283
280
264
265
340
260
271
272
269
274
275
269
315
248
262
259
287
270
281
280
265
260
252
241
284
286
283
269
252
259
270
271
256
253
272
273
288
289
240
273
262
252
277
266
257
297
282
255
249
250
272
277
255
276
309
282
257
271
279
285
285
287
282
260
273
250
259
268
257
268
277
282
259
327
284
251
277
258
272
267
397
573
301
321
295
263
271
270
692
444
277
274
280
263
257
277
272
299
330
267
382
611
285
287
255
289
255
272
283
314
272
282
278
268
290
275
258
265
267
266
291
280
288
252
284
251
273
277
293
253
258
262
260
255
275
270
267
250
265
285
287
300
272
259
264
243
266
255
256
257
259
279
274
277
297
274
305
277
274
264
268
276
290
254
260
273
269
246
253
297
276
265
302
262
254
247
280
295
253
325
330
281
270
276
266
275
302
274
266
264
253
251
254
264
260
253
256
265
245
262
283
256
281
262
287
273
269
276
260
255
241
255
290
271
283
259
283
266
263
248
259
253
251
274
257
250
319
426
371
313
279
306
339
289
279
292
292
288
318
265
266
288
256
265
268
309
270
275
283
281
293
271
251
279
288
267
254
277
257
263
303
265
244
244
279
270
270
249
295
272
261
273
287
264
270
319
278
269
265
275
248
238
273
373
323
295
290
313
354
352
271
250
272
286
266
250
275
294
247
282
267
280
266
243
297
267
309
280
267
266
304
293
349
306
284
268
262
283
276
273
272
266
279
285
273
247
294
252
277
249
256
252
303
271
282
246
274
280
266
260
242
271
296
274
252
324
253
281
264
309
240
270
271
266
271
257
272
280
255
263
274
244
270
246
253
265
281
286
257
239
275
261
357
289
270
253
255
251
258
271
274
250
266
253
269
283
246
262
279
275
268
263
259
277
264
268
253
267
263
254
313
275
433
340
251
295
248
255
252
283
269
260
265
275
281
266
262
266
285
273
310
280
266
249
279
247
280
259
284
266
264
309
459
666
285
290
273
296
259
260
290
288
286
270
280
268
250
281
270
267
269
272
271
277
258
259
254
332
265
335
287
262
265
281
278
284
279
253
276
271
269
275
278
263
284
256
278
276
265
287
272
271
279
276
272
259
267
273
283
347
280
274
265
267
259
257
342
274
262
295
296
277
266
267
270
270
276
268
268
272
263
302
290
264
258
432
627
342
273
276
279
273
272
264
284
271
277
271
267
288
282
311
275
269
268
265
270
248
319
276
270
265
283
278
280
261
327
274
287
278
271
294
270
312
302
263
270
286
262
283
269
298
265
259
289
269
272
296
300
262
274
277
270
255
252
395
267
256
266
254
266
269
274
284
274
270
277
249
283
264
276
267
251
269
274
264
279
265
268
271
272
264
260
252
258
339
267
290
272
278
265
260
246
258
273
273
264
275
289
269
320
251
268
271
248
284
270
261
273
279
247
278
258
306
269
452
394
455
295
268
261
282
265
271
259
294
283
281
263
272
268
272
280
279
298
269
367
266
270
277
279
275
332
327
272
287
252
270
283
271
318
295
275
285
290
270
270
272
280
276
284
252
279
261
261
335
276
268
282
263
262
279
338
278
284
273
263
278
273
307
277
269
276
274
271
265
256
301
274
276
277
272
265
248
275
277
279
271
290
264
448
443
349
263
273
271
296
269
305
264
288
249
263
276
252
275
387
384
301
282
277
316
277
279
271
284
332
287
298
263
265
254
262
279
300
269
268
276
275
269
265
269
272
303
278
299
274
279
253
267
256
290
248
267
272
370
280
291
293
271
272
279
273
279
275
278
295
285
256
276
354
323
436
437
607
313
302
288
274
272
260
312
268
280
300
257
283
257
256
244
283
275
278
258
265
284
264
296
281
262
284
257
283
282
263
273
300
271
275
8948
302
269
297
271
254
271
290
271
260
323
250
271
248
279
270
264
253
284
271
286
267
307
263
262
280
281
284
272
262
266
261
296
269
276
275
264
262
264
277
259
249
281
296
288
251
266
363
281
279
276
274
263
270
278
273
251
277
255
263
264
277
293
257
264
266
249
278
245
265
277
276
278
297
285
278
264
302
277
269
271
241
273
277
272
273
294
245
259
250
267
256
294
256
247
264
296
263
267
254
258
255
307
262
263
285
244
244
442
457
295
250
319
691
457
587
309
283
267
264
274
291
277
269
270
291
283
276
257
271
289
287
287
281
284
293
297
281
274
291
297
261
264
286
274
300
274
303
292
272
298
293
275
271
285
297
260
264
267
266
282
278
284
267
250
287
256
273
268
250
269
287
266
241
280
246
351
268
258
272
262
255
267
260
312
297
281
279
294
272
253
342
274
258
253
250
254
244
276
253
273
275
285
250
265
247
293
595
281
282
281
257
254
283
266
292
274
255
249
253
251
279
275
283
280
258
297
260
294
284
282
274
266
288
266
223
275
257
259
259
257
267
247
250
269
272
284
255
281
285
333
269
280
285
256
287
260
266
271
279
264
282
267
263
269
283
282
243
239
262
261
249
262
341
242
312
264
247
252
258
255
267
278
277
251
265
258
268
235
259
308
249
249
248
259
259
285
280
256
288
263
274
273
311
752
309
303
296
275
333
290
275
272
371
653
318
285
545
454
285
407
481
271
261
273
247
377
258
306
271
261
269
273
315
268
272
245
246
251
264
269
267
280
269
269
264
249
252
250
260
268
260
300
247
279
264
297
266
356
335
288
289
285
335
291
287
265
256
266
250
307
261
271
277
247
270
279
246
266
269
254
267
272
279
243
318
252
308
263
284
257
425
264
270
261
261
270
243
262
253
304
257
253
255
258
241
246
241
270
259
257
264
267
264
258
259
282
247
365
325
319
287
257
279
274
269
286
281
269
287
286
297
280
278
270
283
293
292
264
266
265
254
275
272
278
263
286
261
286
269
275
263
267
261
270
273
260
261
264
299
250
265
254
258
252
268
270
312
253
254
288
276
278
266
241
253
271
292
319
288
289
261
290
266
250
288
264
245
265
259
271
268
252
252
258
265
259
268
256
265
256
253
253
262
240
285
275
291
267
249
261
261
307
255
247
266
268
257
252
262
285
274
258
272
252
244
266
277
283
278
263
263
270
258
269
296
341
346
694
313
337
265
267
247
262
244
275
262
308
257
254
259
264
253
260
253
273
267
255
271
244
261
263
324
264
273
282
251
253
275
245
271
273
261
267
281
262
244
294
260
259
286
306
278
250
262
277
255
253
253
271
248
276
310
317
297
264
259
271
269
254
270
262
275
247
274
260
274
261
261
249
294
263
256
245
256
274
284
318
278
270
266
242
270
305
277
246
259
254
264
268
269
288
262
259
252
275
249
259
288
295
263
249
254
260
287
282
279
248
248
278
242
273
272
299
302
276
255
278
277
254
263
268
273
279
268
241
271
248
259
274
271
267
237
278
310
255
273
259
253
292
275
242
291
246
326
272
278
274
253
271
268
339
289
278
278
270
267
260
269
270
279
288
289
282
259
267
382
254
265
270
252
247
265
267
349
312
266
279
271
272
269
267
276
272
269
269
267
254
273
274
245
323
256
266
261
270
279
254
253
254
284
273
264
273
302
323
280
276
273
266
254
289
253
253
257
261
257
259
248
282
277
282
245
240
266
271
257
270
256
258
258
257
269
266
390
293
265
261
258
276
293
277
284
274
257
273
267
257
258
274
274
280
268
261
252
240
268
258
271
254
274
306
244
261
264
281
249
265
257
277
279
276
278
264
272
249
263
288
275
243
283
267
297
289
265
262
279
306
265
271
274
268
255
267
251
420
295
279
288
265
271
265
317
280
311
265
264
261
270
256
278
293
286
266
256
287
267
279
321
290
286
277
268
251
254
281
265
265
266
255
297
269
324
282
286
277
269
269
267
276
265
254
264
265
267
270
267
280
276
250
264
259
244
269
283
313
264
293
249
288
283
262
269
270
277
259
268
255
264
277
264
267
266
255
263
264
261
268
280
246
268
268
293
250
236
290
345
272
255
261
268
264
305
268
262
264
273
269
258
277
268
255
257
267
265
267
266
283
270
265
263
249
253
250
261
308
475
260
292
331
401
312
337
367
459
307
245
267
268
337
275
265
264
269
310
302
280
273
263
272
253
272
319
277
316
280
282
291
283
270
278
285
272
290
279
266
277
266
258
257
262
251
272
275
274
267
282
271
261
275
266
419
280
275
278
275
263
265
291
269
269
254
290
287
277
259
260
259
252
245
282
273
274
298
276
273
276
262
259
256
268
313
271
257
266
333
286
283
296
259
321
284
283
279
284
359
277
286
263
305
275
266
278
290
257
272
245
275
273
272
316
303
294
250
276
259
290
289
254
259
269
251
273
275
255
255
262
277
267
318
284
280
304
276
276
260
258
275
280
278
273
276
269
289
276
279
463
275
280
268
258
273
273
259
291
275
274
270
273
271
285
285
276
277
263
256
281
279
344
299
284
270
262
258
270
260
268
286
272
255
264
261
275
267
274
257
272
267
260
267
273
276
271
293
281
281
267
277
276
258
268
255
259
265
267
302
280
267
265
256
264
250
276
277
273
267
277
253
275
270
259
276
269
279
257
262
259
257
278
270
274
267
268
257
264
255
261
264
262
276
401
610
291
280
270
287
275
261
287
270
276
272
269
279
269
290
287
283
274
284
267
285
280
251
280
285
292
289
269
247
294
279
282
274
273
268
274
286
272
282
270
266
276
257
244
279
298
277
276
289
265
254
275
267
261
268
269
257
244
272
288
285
272
263
244
257
273
272
269
282
290
283
253
266
261
277
286
248
263
274
248
265
268
259
295
256
259
271
270
264
255
257
245
277
269
259
265
246
298
309
245
254
277
257
283
269
356
366
297
333
319
313
267
276
283
282
275
275
262
263
256
248
279
283
281
263
269
269
285
273
266
261
247
259
251
311
265
265
284
262
251
283
295
265
268
286
278
280
275
285
265
272
281
302
252
270
250
333
286
276
274
249
273
269
374
344
282
272
269
315
267
288
276
268
256
267
259
256
259
343
251
274
242
271
264
271
277
262
270
260
276
246
252
251
395
341
274
264
278
273
271
268
271
260
262
291
539
508
313
294
270
258
264
265
315
764
303
264
253
269
309
286
271
272
270
271
268
299
274
266
262
252
282
260
256
280
310
281
272
271
260
276
343
271
262
257
264
282
273
302
307
283
308
286
279
263
232
278
276
272
273
269
254
264
266
296
250
274
277
268
258
254
273
274
272
274
254
266
267
280
250
285
261
276
264
247
305
266
275
265
270
270
268
267
253
266
251
254
256
277
269
269
283
295
251
287
254
263
283
366
274
269
270
242
270
262
303
270
262
269
268
265
268
254
274
269
279
340
260
256
258
258
265
298
257
238
275
258
266
306
281
257
248
260
271
253
305
275
252
271
270
254
267
268
329
274
260
272
263
242
257
322
282
257
273
283
263
255
249
306
278
280
262
262
274
272
245
275
262
267
272
282
273
278
278
274
277
260
289
270
275
273
272
256
276
268
252
269
270
313
281
238
294
280
273
260
308
274
265
255
259
258
268
266
282
278
445
647
273
271
299
270
269
279
290
278
714
446
856
316
277
275
300
259
263
267
264
325
280
267
256
261
243
276
266
270
276
262
265
278
284
276
256
371
300
287
266
272
268
269
248
267
262
271
252
290
251
302
284
260
276
261
269
291
277
260
258
273
284
275
272
268
301
293
314
304
271
254
271
367
333
344
285
263
265
262
273
250
255
263
258
279
248
255
281
276
247
252
261
287
266
307
325
288
257
255
258
260
267
256
258
256
250
256
262
263
280
248
285
263
247
257
260
253
271
254
248
250
252
319
307
276
289
258
268
279
265
257
285
266
264
254
319
276
264
262
236
256
276
257
261
269
256
256
264
258
264
273
295
285
266
263
249
284
244
240
255
318
289
307
260
293
282
251
251
257
271
295
281
262
258
257
268
272
290
242
265
287
492
515
288
268
249
294
266
270
265
269
279
262
272
256
254
260
264
257
260
266
270
250
256
265
280
428
386
257
268
376
660
298
253
273
246
265
316
625
307
273
269
277
295
260
283
615
514
287
298
283
273
295
274
270
258
290
261
273
287
269
275
272
272
266
263
274
265
264
275
278
288
279
267
265
266
248
276
272
276
277
263
354
310
260
298
269
249
276
270
273
279
272
277
274
451
268
351
318
426
308
283
288
269
281
317
287
268
257
301
266
254
268
276
261
283
276
265
272
272
304
276
274
244
291
278
269
270
269
264
273
245
253
264
266
307
288
276
349
268
278
305
319
275
271
275
275
262
287
264
286
281
284
278
304
278
285
271
265
261
261
269
270
272
274
301
290
287
271
280
251
300
274
276
267
262
257
286
268
275
272
259
263
263
261
298
319
272
281
269
279
275
271
293
273
266
291
253
256
258
274
290
262
241
284
265
258
256
215
250
264
263
255
275
291
265
324
265
266
256
269
261
255
273
268
263
262
280
272
258
278
270
274
276
264
272
282
267
267
278
271
266
266
277
278
259
262
273
264
272
287
259
253
316
277
305
288
354
592
377
272
273
260
280
276
273
250
275
267
274
266
255
274
258
319
271
290
278
283
283
280
272
278
281
272
264
274
252
271
251
255
277
251
269
266
289
272
271
278
273
269
271
273
265
289
290
258
281
261
278
271
247
271
265
291
258
287
266
261
285
266
273
273
271
257
280
268
275
266
275
331
264
260
268
286
280
280
269
268
278
270
307
277
285
294
275
266
290
307
271
266
268
292
271
287
267
259
268
266
266
270
273
261
267
284
270
263
277
268
280
275
311
269
317
254
269
284
258
290
279
262
266
260
269
285
249
295
268
296
256
276
265
280
298
268
265
276
270
266
272
269
276
249
296
270
277
276
294
274
323
268
279
260
249
286
269
278
263
281
261
270
254
266
243
284
272
257
277
267
276
266
265
251
278
348
316
292
300
346
352
251
242
261
283
279
282
269
292
279
290
285
271
270
270
283
247
275
288
268
248
287
273
293
280
271
275
272
262
265
303
287
296
272
440
299
278
266
258
267
278
269
278
300
266
248
273
263
262
255
280
275
289
290
262
273
269
263
256
276
267
274
260
254
259
297
246
277
251
274
248
306
285
261
262
273
262
263
248
270
300
255
312
277
271
262
263
269
270
260
280
275
258
273
279
293
264
273
272
249
263
252
293
292
271
269
267
255
258
273
287
274
298
283
277
267
272
279
266
288
270
278
269
267
279
268
251
271
246
285
271
266
284
268
268
256
267
264
287
308
273
259
389
408
257
272
259
282
259
282
271
267
266
275
241
263
266
258
256
264
255
262
289
265
264
271
268
265
268
245
330
270
286
250
269
273
287
274
273
264
257
272
259
254
258
282
258
265
255
277
269
278
309
269
279
258
261
270
262
260
295
250
302
268
259
269
274
268
272
265
287
275
265
268
274
273
265
269
263
259
247
275
295
275
276
529
281
244
276
284
281
274
8874
283
270
284
280
253
310
267
268
270
282
290
290
271
274
252
271
317
284
256
266
289
265
262
272
293
280
253
282
266
284
272
264
273
272
267
269
278
293
288
278
305
275
280
277
261
272
266
281
251
275
266
262
259
259
309
271
294
280
264
263
279
270
271
254
258
269
259
273
279
250
284
321
273
272
273
248
270
272
269
268
265
265
274
269
257
254
272
260
269
260
271
270
248
277
260
271
272
257
271
257
323
287
296
278
261
281
348
273
273
279
268
270
270
281
274
264
270
268
276
287
267
294
277
269
295
281
283
252
280
287
280
294
273
275
272
294
278
251
272
274
262
279
271
342
299
269
270
258
273
262
277
282
264
272
266
267
282
276
278
297
275
270
257
267
261
326
276
269
283
276
277
288
277
284
274
283
274
267
256
266
274
261
242
271
272
261
265
255
291
276
266
255
250
241
266
361
268
257
275
271
255
389
529
277
263
269
279
268
266
375
630
317
301
264
302
346
293
273
257
278
266
232
297
268
292
269
276
258
280
272
261
268
292
254
278
275
300
261
258
266
277
272
279
285
280
346
285
269
277
258
271
278
286
275
274
268
271
267
279
267
269
283
254
271
272
271
264
271
267
277
246
263
258
267
284
282
263
260
261
287
303
269
262
269
265
252
256
282
262
264
260
265
285
283
265
255
275
254
287
273
251
251
263
281
329
286
264
301
276
260
239
286
266
282
273
248
262
310
313
288
270
251
274
259
272
266
299
262
273
257
265
269
260
270
305
267
269
267
274
271
272
244
251
266
245
244
270
260
267
268
270
243
313
334
265
277
267
245
270
250
271
296
270
294
377
306
261
282
261
259
255
280
261
245
263
284
271
254
337
258
267
266
258
250
263
261
268
268
259
260
274
318
262
335
474
382
327
272
283
288
296
265
271
263
268
257
262
286
265
256
258
258
260
276
311
260
263
269
273
311
389
266
272
296
262
246
254
271
268
284
253
267
276
245
270
259
285
268
275
255
268
266
264
268
277
272
262
272
270
272
263
352
309
264
257
269
269
255
278
277
266
268
253
271
242
266
305
254
254
254
279
298
271
298
260
252
252
262
270
275
260
283
274
280
283
264
262
266
251
258
267
261
265
271
243
251
357
257
265
263
271
252
267
295
277
258
268
265
261
267
260
279
314
376
290
275
280
260
266
273
280
270
256
247
271
287
267
263
269
266
263
288
264
297
268
272
271
265
258
269
249
283
508
285
287
276
267
306
266
277
274
273
277
267
276
280
270
273
279
266
260
250
264
267
266
273
258
268
280
279
306
258
260
279
279
264
260
326
264
263
265
272
278
268
258
293
272
288
261
271
272
257
280
276
264
274
271
269
263
318
280
285
271
269
255
264
264
299
280
252
268
263
263
264
273
255
257
268
257
282
265
260
278
267
265
286
271
278
245
272
281
267
258
285
265
265
272
273
266
266
283
279
272
257
257
311
290
282
267
263
238
273
289
265
273
651
340
289
302
739
418
327
372
579
357
286
269
268
286
315
277
262
288
288
290
280
294
274
284
284
273
280
290
400
316
304
275
320
314
267
295
264
267
261
286
281
300
286
269
267
279
259
269
284
308
286
282
278
267
252
244
285
268
255
245
250
254
265
252
322
261
246
276
250
265
297
265
288
284
253
250
259
267
275
315
287
269
286
260
279
270
323
293
271
304
285
298
262
256
313
284
281
286
268
306
279
340
266
273
278
266
267
280
343
259
268
250
250
275
274
296
305
288
276
278
264
246
269
266
269
258
268
279
271
272
259
273
270
249
265
262
270
270
338
270
263
266
257
284
271
294
306
301
265
265
276
269
270
298
265
266
310
263
275
281
259
298
274
267
282
270
261
293
281
285
269
266
285
259
283
334
270
255
285
258
289
294
278
278
250
265
256
274
262
244
363
251
248
256
268
250
260
267
253
256
259
243
262
248
272
471
288
275
252
269
279
278
275
246
273
256
252
277
286
272
287
273
281
266
272
263
269
327
259
269
247
263
258
271
296
343
270
290
303
285
283
283
305
280
290
271
263
270
282
289
276
268
271
256
294
272
285
277
319
289
277
287
262
279
306
282
268
292
258
254
275
263
273
284
296
276
259
265
280
278
267
262
276
274
277
298
272
283
286
259
283
284
288
276
242
261
257
285
250
275
245
259
262
265
304
257
281
281
250
276
267
273
270
261
262
270
252
271
249
272
280
249
281
276
319
320
671
281
277
268
360
283
250
260
273
261
256
266
275
315
263
259
273
243
247
250
275
249
262
261
253
270
247
376
290
273
259
256
271
269
283
260
272
278
274
241
270
328
318
279
350
359
